129   260
61   253
119   99
77   199
82   161
15   170
70   222
94   126
76   120
143   90
130   287
33   242
73   81
147   217
98   189
85   174
99   179
64   260
142   34
64   83
150   242
78   270
179   103
98   223
124   231
70   235
93   118
136   187
130   153
179   200
38   67
129   133
150   280
68   218
122   97
94   185
27   236
74   236
170   176
163   332
52   233
107   315
77   196
91   119
135   165
117   47
145   170
85   159
71   129
64   217
25   201
82   36
37   230
113   279
91   102
201   158
172   215
167   94
94   106
123   149
104   189
44   165
189   202
129   176
53   113
68   116
108   20
89   70
95   194
145   146
62   242
57   253
122   46
129   284
137   148
162   154
69   284
53   166
161   275
155   217
137   235
200   214
93   210
167   196
82   345
100   173
36   174
156   227
187   114
66   233
85   253
179   239
92   186
166   235
103   198
110   231
117   365
80   274
148   260
71   138
102   144
124   213
112   263
126   181
118   220
96   198
44   144
143   153
136   214
152   220
100   260
155   301
214   310
112   202
98   187
89   286
165   222
111   79
118   165
165   185
158   122
85   163
162   185
97   233
94   219
149   55
114   157
170   106
67   334
124   279
86   326
109   17
202   299
169   282
78   253
230   141
66   103
96   105
97   272
90   218
125   205
82   118
145   179
87   102
61   153
131   267
95   100
173   166
71   75
73   251
86   231
125   148
81   225
59   227
84   194
175   318
119   235
72   268
93   100
59   249
69   248
137   50
99   254
157   59
90   228
101   198
151   106
108   134
64   37
103   87
142   210
151   304
153   109
49   164
114   222
77   217
20   154
76   119
53   179
94   193
87   98
116   224
127   144
91   165
133   143
53   161
125   162
94   110
146   162
69   16
189   155
128   167
190   107
78   190
146   168
176   174
54   169
165   183
113   167
97   206
170   245
99   117
123   209
47   41
120   217
116   97
126   253
66   294
34   162
83   261
91   140
6   215
104   110
139   280
155   246
103   121
31   205
84   271
97   163
122   302
63   233
125   9
128   203
99   101
100   108
127   210
71   164
90   101
102   258
110   121
152   125
66   155
79   106
134   158
122   239
143   302
165   183
197   70
118   216
84   165
111   40
184   89
122   129
145   201
95   283
99   196
102   189
181   142
130   94
34   236
103   133
147   181
200   280
77   163
135   257
135   73
94   164
105   140
95   326
60   239
134   151
49   87
81   147
166   256
94   103
156   46
187   22
131   234
95   190
121   252
85   147
122   249
118   227
107   244
181   156
112   168
88   210
51   214
112   68
101   312
170   279
136   260
70   171
189   290
87   255
158   256
108   166
71   163
90   188
186   165
55   167
122   155
96   241
81   159
76   298
112   134
173   189
118   232
83   285
92   109
74   182
29   144
69   223
68   224
99   105
168   207
97   191
137   240
87   283
90   178
67   153
226   71
65   276
85   254
106   255
135   167
87   136
127   237
121   174
89   136
156   193
63   221
73   154
85   154
131   169
122   108
101   81
103   257
101   194
89   51
150   103
163   287
25   241
73   225
137   353
113   186
104   200
120   204
75   249
49   275
132   234
110   136
235   311
86   242
122   224
93   99
102   205
156   153
87   237
76   163
145   187
102   126
104   143
155   43
89   76
153   204
79   254
143   120
142   166
108   159
169   153
143   289
76   241
135   321
74   184
57   232
119   127
68   152
103   94
123   122
51   222
133   109
211   158
123   182
97   206
64   193
65   166
119   127
136   199
125   196
89   40
108   119
79   230
131   155
120   230
101   206
82   315
95   100
18   158
101   195
117   235
90   179
153   198
80   251
151   96
123   166
57   217
180   196
104   187
18   153
74   267
115   344
83   251
142   164
88   191
150   69
110   198
150   124
86   195
147   174
122   140
79   247
91   266
83   242
123   222
105   155
119   129
65   76
142   132
106   209
147   226
87   203
57   238
59   129
101   188
84   257
95   165
142   150
41   245
118   232
87   135
57   112
66   188
132   132
119   226
93   182
50   227
134   373
90   234
187   253
103   193
191   214
52   75
124   215
84   228
128   151
195   223
73   255
84   129
59   244
50   253
97   187
76   270
198   177
237   117
36   161
65   206
66   227
83   261
147   138
185   120
77   172
63   229
129   181
23   207
62   193
123   115
90   110
66   167
127   103
80   181
84   246
199   183
130   80
55   156
82   171
147   165
82   184
115   346
50   3
95   128
147   284
84   184
152   302
109   128
33   181
100   106
118   171
70   171
60   162
155   143
141   377
134   124
116   127
84   253
126   144
70   102
149   238
10   172
128   231
30   170
177   316
55   125
183   218
129   308
147   198
67   234
96   291
80   232
122   79
103   229
124   161
68   395
42   228
54   285
104   192
97   36
166   283
104   149
115   225
63   214
56   166
143   144
105   160
58   157
46   219
68   231
112   232
92   99
98   101
87   160
171   235
130   144
140   190
11   237
95   146
161   322
76   176
141   254
134   183
148   266
96   223
133   198
86   261
87   158
132   155
127   225
77   204
43   177
58   191
175   269
117   123
71   194
109   114
79   325
99   178
122   254
109   176
208   16
96   178
119   225
80   228
46   120
179   202
79   178
143   221
103   237
170   192
145   152
164   296
124   222
137   161
212   373
134   228
91   103
89   183
62   167
86   277
185   129
67   157
101   171
81   136
128   239
88   215
91   329
90   250
185   145
51   176
128   155
112   162
112   126
49   263
86   176
65   227
73   201
144   269
62   232
193   159
56   176
197   89
131   180
70   319
95   199
115   227
132   142
108   186
38   131
173   51
115   205
63   151
78   79
129   170
170   264
223   269
137   318
112   181
68   180
85   211
157   198
67   250
136   75
86   224
117   77
73   182
184   201
144   107
24   146
53   346
124   148
121   198
60   216
95   292
92   101
125   214
75   240
134   172
202   278
65   42
120   78
62   133
91   199
116   261
139   231
71   147
124   282
104   250
137   209
146   91
133   295
147   219
164   284
94   117
66   232
46   291
180   233
83   135
142   93
121   77
112   163
46   273
36   196
72   189
172   231
86   165
137   176
138   226
90   148
127   208
68   269
101   116
65   227
76   164
147   321
202   211
88   243
160   161
94   248
90   288
100   210
68   227
191   329
84   246
122   139
61   160
77   199
196   216
15   130
209   200
79   214
83   190
87   164
80   249
127   236
95   300
99   94
209   113
81   243
114   208
64   229
139   218
71   227
138   105
63   114
130   177
104   167
126   176
105   197
132   170
191   93
156   127
78   59
46   196
99   147
209   199
125   155
52   201
144   141
84   245
153   120
117   277
130   257
62   159
185   60
78   211
122   228
122   233
194   227
108   240
11   218
34   136
133   239
104   175
151   127
50   165
67   159
104   171
60   164
162   198
124   231
109   109
61   195
92   107
188   251
64   233
41   141
31   166
176   236
61   174
114   226
97   172
99   278
117   200
119   204
115   120
144   200
88   99
111   379
65   227
90   138
106   103
154   369
153   267
142   279
116   283
148   140
60   85
93   241
79   234
153   88
107   126
66   320
96   107
131   140
129   152
145   209
32   217
127   168
130   193
71   253
69   131
81   209
106   284
50   281
59   196
89   235
67   175
183   187
94   307
100   288
148   203
75   229
236   172
133   206
162   286
53   221
75   127
125   200
125   65
85   233
125   207


xwgchjvbklmjfdsqfjklmjhgfsdqfjklj